[MAPDATA_TEXT_OUTPUT]
MAPDATA_EXIST=1
TILESET_ID=0
MAP_WIDTH=30
MAP_HEIGHT=30
MAPLAYER=3
[--MAP_START--]
[MAPLAYER_1_START]
0,0,0,0,0,0,0,0,0,0,0,0,0,0,0,0,0,0,0,0,0,0,0,0,0,0,0,0,0,0,
0,0,0,0,0,0,0,0,0,0,0,0,0,0,0,0,0,0,0,0,0,0,0,0,0,0,0,0,0,0,
0,0,0,0,0,0,0,0,0,0,0,0,0,0,0,0,0,0,0,0,0,0,0,0,0,0,0,0,0,0,
0,0,0,0,0,0,0,0,0,0,0,0,0,0,0,0,0,0,0,0,0,0,0,0,0,0,0,0,0,0,
0,0,0,0,0,0,0,0,0,0,0,0,0,0,0,0,0,0,0,0,0,0,0,0,0,0,0,0,0,0,
0,0,0,0,0,0,0,0,0,0,0,0,0,0,0,0,0,0,0,0,0,0,0,0,0,0,0,0,0,0,
0,0,0,0,0,0,0,0,0,0,0,0,0,0,0,0,0,0,0,0,0,0,0,0,0,0,0,0,0,0,
0,0,0,0,0,0,0,0,0,0,0,0,0,0,0,0,0,0,0,0,0,0,0,0,0,0,0,0,0,0,
0,0,0,292,292,292,292,292,292,292,292,292,0,0,0,0,0,0,0,0,0,0,0,0,0,0,0,0,0,0,
0,0,0,292,292,292,292,292,292,292,292,292,0,0,0,0,0,0,0,0,0,0,0,0,0,0,0,0,0,0,
0,0,0,292,292,292,292,292,292,292,292,292,0,0,0,0,0,0,0,0,0,0,0,0,0,0,0,0,0,0,
0,0,0,292,292,292,292,292,292,292,292,292,0,0,0,0,0,0,0,0,0,0,0,0,0,0,0,0,0,0,
0,0,0,292,292,292,292,292,292,292,292,292,0,0,0,0,0,0,0,0,0,0,0,0,0,0,0,0,0,0,
0,0,0,292,292,292,292,292,292,292,292,292,0,0,0,0,0,0,0,0,0,0,0,0,0,0,0,0,0,0,
0,0,0,292,292,292,292,292,292,292,292,292,0,0,0,0,0,0,0,0,0,0,0,0,0,0,0,0,0,0,
0,0,0,0,0,0,0,0,0,0,0,0,0,0,0,0,0,0,0,0,0,0,0,0,0,0,0,0,0,0,
0,0,0,0,0,0,0,0,0,0,0,0,0,0,0,0,0,0,0,0,0,0,0,0,0,0,0,0,0,0,
0,0,0,0,0,0,0,0,0,0,0,0,0,0,0,0,0,0,0,0,0,0,0,0,0,0,0,0,0,0,
0,0,0,0,0,0,0,0,0,0,0,0,0,0,0,0,0,0,0,0,0,0,0,0,0,0,0,0,0,0,
0,0,0,0,0,0,0,0,0,0,0,0,0,0,0,0,0,0,0,0,0,0,0,0,0,0,0,0,0,0,
0,0,0,0,0,0,0,0,0,0,0,0,0,0,0,0,0,0,0,0,0,0,0,0,0,0,0,0,0,0,
0,0,0,0,0,0,0,0,0,0,0,0,0,0,0,0,0,0,0,0,0,0,0,0,0,0,0,0,0,0,
0,0,0,0,0,0,0,0,0,0,0,0,0,0,0,0,0,0,0,0,0,0,0,0,0,0,0,0,0,0,
0,0,0,0,0,0,0,0,0,0,0,0,0,0,0,0,0,0,0,0,0,0,0,0,0,0,0,0,0,0,
0,0,0,0,0,0,0,0,0,0,0,0,0,0,0,0,0,0,0,0,0,0,0,0,0,0,0,0,0,0,
0,0,0,0,0,0,0,0,0,0,0,0,0,0,0,0,0,0,0,0,0,0,0,0,0,0,0,0,0,0,
0,0,0,0,0,0,0,0,0,0,0,0,0,0,0,0,0,0,0,0,0,0,0,0,0,0,0,0,0,0,
0,0,0,0,0,0,0,0,0,0,0,0,0,0,0,0,0,0,0,0,0,0,0,0,0,0,0,0,0,0,
0,0,0,0,0,0,0,0,0,0,0,0,0,0,0,0,0,0,0,0,0,0,0,0,0,0,0,0,0,0,
0,0,0,0,0,0,0,0,0,0,0,0,0,0,0,0,0,0,0,0,0,0,0,0,0,0,0,0,0,0,
[MAPLAYER_1_END]
[MAPLAYER_2_START]
100000,100000,100000,100000,100000,100000,100000,100000,100000,100000,100000,100000,100000,100000,100000,100000,100000,100000,100000,100000,100000,100000,100000,100000,100000,100000,100000,100000,100000,100000,
100000,100000,100000,100000,100000,100000,100000,100000,100000,100000,100000,100000,100000,100000,100000,100000,100000,100000,100000,100000,100000,100000,100000,100000,100000,100000,100000,100000,100000,100000,
104444,104444,104443,104422,104422,104422,104422,104422,104422,104422,104422,104422,104434,104444,104444,104444,104444,104444,104444,104444,104444,104444,104444,104444,104444,104444,104444,104444,100000,100000,
104444,104443,104120,500213,502222,502222,502222,502222,502222,502222,502222,502031,101402,104434,104444,104444,104444,104444,104444,104444,104444,104444,104444,104444,104444,104444,104444,104444,100000,100000,
104444,104141,500213,503120,100214,102244,102243,102222,102234,102244,102041,501302,502031,101402,104434,104444,104444,104444,104444,104444,104444,104444,104444,104444,104444,104444,104444,104444,100000,100000,
104443,104120,501111,100214,103444,104444,104141,41,101414,104444,104344,102041,501302,502031,101402,104434,104444,104444,104444,104444,104444,104444,104444,104444,104444,104444,104444,104444,100000,100000,
104141,500213,503120,101414,104444,104444,104344,102244,103444,104444,104444,104344,102041,501302,502031,101402,104434,104444,104444,104444,104444,104444,104444,104444,104444,104444,104444,104444,100000,100000,
104141,501111,100214,103444,104444,104444,104444,104444,104444,104444,104444,104444,104344,102041,501302,502031,101402,104434,104444,104444,104444,104444,104444,104444,104444,104444,104444,104444,100000,100000,
104141,501111,101414,104444,104444,104444,104444,104444,104444,104444,104444,104444,104444,104344,102041,501302,502031,101402,104434,104444,104444,104444,104444,104444,104444,104444,104444,104444,100000,100000,
104141,501111,101414,104444,104444,104444,104444,104444,104444,104444,104444,104444,104443,104422,104322,102031,501302,502031,101402,104422,104422,104422,104434,104444,104444,104444,104444,104444,100000,100000,
104141,501111,101414,104444,104444,104444,104444,104444,104444,104444,104444,104444,104141,10,11,101314,102041,501302,502222,502222,502222,502031,101402,104422,104434,104444,104444,104444,100000,100000,
104141,501111,101414,104444,104444,104444,104444,104444,104444,104444,104444,104444,104141,18,19,101402,104334,102244,102244,102244,102041,501302,502222,502031,101402,104434,104444,104444,100000,100000,
104141,501111,101414,104444,104444,104444,104444,104444,104444,104444,104444,104444,104344,102244,102041,43,101414,104444,104444,104444,104344,102244,102041,501302,502031,101402,104434,104444,100000,100000,
104141,501111,101414,104444,104444,104444,104444,104444,104444,104444,104444,104444,104444,104444,104344,102244,103444,104443,104422,104422,104422,104422,104322,102031,501302,502031,101414,104444,100000,100000,
104141,501111,101414,104444,104444,104444,104444,104444,104444,104444,104444,104444,104444,104444,104444,104444,104444,104141,677,678,678,678,679,101314,102041,501111,101402,104434,100000,100000,
104141,501111,101414,104444,104444,104444,104444,104444,104444,104444,104444,104444,104444,104444,104444,104444,104444,104344,102041,724,100011,724,100214,103444,104141,501302,502031,101414,100000,100000,
104141,501111,101413,104422,104422,104434,104444,104444,104444,104444,104444,104444,104444,104444,104444,104444,104444,104444,104344,102244,103344,102244,103443,104422,104334,102041,501111,101414,100000,100000,
104141,501111,101111,8,9,101414,104444,104444,104444,104444,104444,104444,104444,104444,104444,104444,104444,104444,104444,104444,104444,104444,104141,923,101414,104141,501111,101414,100000,100000,
104141,501111,101111,16,17,101414,104444,104444,104444,104444,104444,104444,104444,104444,104444,104444,104444,104444,104444,104444,104444,104444,104141,931,101414,104141,501111,101414,100000,100000,
104141,501111,101314,102244,102244,103444,104444,104444,104444,104444,104444,104444,104444,104444,104444,104444,104444,104444,104444,104444,104444,104444,104344,102244,103444,104141,501111,101414,100000,100000,
104141,501111,101414,104444,104444,104444,104444,104444,104444,104444,104444,104444,104444,104444,104444,104444,104444,104444,104443,104422,104422,104434,104444,104444,104444,104141,501111,101414,100000,100000,
104141,501111,101414,104443,104422,104434,104444,104444,104444,104444,104444,104444,104444,104444,104444,104444,104444,104444,104141,8,9,101414,104444,104444,104444,104141,501111,101414,100000,100000,
104141,501111,101414,104141,41,101414,104444,104444,104444,104444,104444,104444,104444,104444,104444,104444,104444,104444,104141,16,17,101414,104444,104444,104444,104141,501111,101414,100000,100000,
104141,501111,101402,104334,102244,103444,104444,104444,104444,104444,104444,104444,104444,104444,104444,104444,104444,104444,104344,102244,102244,103444,104444,104444,104443,104120,501111,101414,100000,100000,
104141,501302,502031,101402,104422,104422,104422,104422,104422,104434,104444,104444,104444,104443,104422,104422,104422,104434,104444,104444,104444,104444,104443,104422,104120,500213,503120,101414,100000,100000,
104344,102041,501302,502222,502222,502222,502222,502222,502031,101402,104422,104422,104422,104120,500213,502222,502031,101402,104422,104422,104422,104422,104120,500213,502222,503120,100214,103444,100000,100000,
104444,104344,102244,102244,102244,102244,102244,102041,501100,200202,202222,202222,202222,202020,501100,100011,501302,502222,502222,502222,502222,502222,502222,503120,100214,102244,103444,104444,100000,100000,
104444,104444,104444,104444,104444,104444,104444,104344,102244,102244,102244,102244,102244,102244,102244,103344,102244,102244,102244,102244,102244,102244,102244,102244,103444,104444,104444,104444,100000,100000,
100000,100000,100000,100000,100000,100000,100000,100000,100000,100000,100000,100000,100000,100000,100000,100000,100000,100000,100000,100000,100000,100000,100000,100000,100000,100000,100000,100000,100000,100000,
100000,100000,100000,100000,100000,100000,100000,100000,100000,100000,100000,100000,100000,100000,100000,100000,100000,100000,100000,100000,100000,100000,100000,100000,100000,100000,100000,100000,100000,100000,
[MAPLAYER_2_END]
[MAPLAYER_3_START]
100000,100000,100000,100000,100000,100000,100000,100000,100000,100000,100000,100000,100000,100000,100000,100000,100000,100000,100000,100000,100000,100000,100000,100000,100000,100000,100000,100000,100000,100000,
100000,100000,100000,100000,100000,100000,100000,100000,100000,100000,100000,100000,100000,100000,100000,100000,100000,100000,100000,100000,100000,100000,100000,100000,100000,100000,100000,100000,100000,100000,
100000,100000,100000,100000,100000,100000,100000,100000,100000,100000,100000,100000,100000,100000,100000,100000,100000,100000,100000,100000,100000,100000,100000,100000,100000,100000,100000,100000,100000,100000,
100000,100000,100000,100000,100000,100000,100000,100000,100000,100000,100000,100000,100000,100000,100000,100000,100000,100000,100000,100000,100000,100000,100000,100000,100000,100000,100000,100000,100000,100000,
100000,100000,100000,100000,100000,100000,100000,100000,100000,100000,100000,100000,100000,100000,100000,100000,100000,100000,100000,100000,100000,100000,100000,100000,100000,100000,100000,100000,100000,100000,
100000,100000,100000,100000,100000,100000,100000,100000,100000,100000,100000,100000,100000,100000,100000,100000,100000,100000,100000,100000,100000,100000,100000,100000,100000,100000,100000,100000,100000,100000,
100000,100000,100000,100000,100000,100000,100000,100000,100000,100000,100000,100000,100000,100000,100000,100000,100000,100000,100000,100000,100000,100000,100000,100000,100000,100000,100000,100000,100000,100000,
100000,100000,100000,100000,100000,100000,100000,100000,100000,100000,100000,100000,100000,100000,100000,100000,100000,100000,100000,100000,100000,100000,100000,100000,100000,100000,100000,100000,100000,100000,
100000,100000,100000,100000,100000,100000,100000,100000,100000,100000,100000,100000,100000,100000,100000,100000,100000,100000,100000,100000,100000,100000,100000,100000,100000,100000,100000,100000,100000,100000,
100000,100000,100000,100000,100000,100000,100000,100000,100000,100000,100000,100000,100000,100000,100000,100000,100000,100000,100000,100000,100000,100000,100000,100000,100000,100000,100000,100000,100000,100000,
100000,100000,100000,100000,100000,100000,100000,100000,100000,100000,100000,100000,100000,100000,100000,100000,100000,100000,100000,100000,100000,100000,100000,100000,100000,100000,100000,100000,100000,100000,
100000,100000,100000,100000,100000,100000,100000,100000,100000,100000,100000,100000,100000,100000,100000,100000,100000,100000,100000,100000,100000,100000,100000,100000,100000,100000,100000,100000,100000,100000,
100000,100000,100000,100000,100000,100000,100000,100000,100000,100000,100000,100000,100000,100000,100000,100000,100000,100000,100000,100000,100000,100000,100000,100000,100000,100000,100000,100000,100000,100000,
100000,100000,100000,100000,100000,100000,100000,100000,100000,100000,100000,100000,100000,100000,100000,100000,100000,100000,100000,100000,100000,100000,100000,100000,100000,100000,100000,100000,100000,100000,
100000,100000,100000,100000,100000,100000,100000,100000,100000,100000,100000,100000,100000,100000,100000,100000,100000,100000,100000,100000,100000,100000,100000,100000,100000,100000,100000,100000,100000,100000,
100000,100000,100000,100000,100000,100000,100000,100000,100000,100000,100000,100000,100000,100000,100000,100000,100000,100000,100000,100000,100000,100000,100000,100000,100000,100000,100000,100000,100000,100000,
100000,100000,100000,100000,100000,100000,100000,100000,100000,100000,100000,100000,100000,100000,100000,100000,100000,100000,100000,100000,100000,100000,100000,100000,100000,100000,100000,100000,100000,100000,
100000,100000,100000,100000,100000,100000,100000,100000,100000,100000,100000,100000,100000,100000,100000,100000,100000,100000,100000,100000,100000,100000,100000,100000,100000,100000,100000,100000,100000,100000,
100000,100000,100000,100000,100000,100000,100000,100000,100000,100000,100000,100000,100000,100000,100000,100000,100000,100000,100000,100000,100000,100000,100000,100000,100000,100000,100000,100000,100000,100000,
100000,100000,100000,100000,100000,100000,100000,100000,100000,100000,100000,100000,100000,100000,100000,100000,100000,100000,100000,100000,100000,100000,100000,100000,100000,100000,100000,100000,100000,100000,
100000,100000,100000,100000,100000,100000,100000,100000,100000,100000,100000,100000,100000,100000,100000,100000,100000,100000,100000,100000,100000,100000,100000,100000,100000,100000,100000,100000,100000,100000,
100000,100000,100000,100000,100000,100000,100000,100000,100000,100000,100000,100000,100000,100000,100000,100000,100000,100000,100000,100000,100000,100000,100000,100000,100000,100000,100000,100000,100000,100000,
100000,100000,100000,100000,100000,100000,100000,100000,100000,100000,100000,100000,100000,100000,100000,100000,100000,100000,100000,100000,100000,100000,100000,100000,100000,100000,100000,100000,100000,100000,
100000,100000,100000,100000,100000,100000,100000,100000,100000,100000,100000,100000,100000,100000,100000,100000,100000,100000,100000,100000,100000,100000,100000,100000,100000,100000,100000,100000,100000,100000,
100000,100000,100000,100000,100000,100000,100000,104444,104444,104444,104444,104444,100000,100000,100000,100000,100000,100000,100000,100000,100000,100000,100000,100000,100000,100000,100000,100000,100000,100000,
100000,100000,100000,100000,100000,100000,100000,104444,104444,104444,104444,104444,100000,100000,100000,100000,100000,100000,100000,100000,100000,100000,100000,100000,100000,100000,100000,100000,100000,100000,
100000,100000,100000,100000,100000,100000,100000,104444,104444,104444,104444,104444,100000,100000,100000,100000,100000,100000,100000,100000,100000,100000,100000,100000,100000,100000,100000,100000,100000,100000,
100000,100000,100000,100000,100000,100000,100000,104444,104444,104444,104444,104444,100000,100000,100000,100000,100000,100000,100000,100000,100000,100000,100000,100000,100000,100000,100000,100000,100000,100000,
100000,100000,100000,100000,100000,100000,100000,100000,100000,100000,100000,100000,100000,100000,100000,100000,100000,100000,100000,100000,100000,100000,100000,100000,100000,100000,100000,100000,100000,100000,
100000,100000,100000,100000,100000,100000,100000,100000,100000,100000,100000,100000,100000,100000,100000,100000,100000,100000,100000,100000,100000,100000,100000,100000,100000,100000,100000,100000,100000,100000,
[MAPLAYER_3_END]
[--MAP_END--]
----------
[EVENTDATA_TEXT_OUTPUT]
EVENT_NUM=6
-----
EVENT_ID=0
EVENT_NAME=敵エンカウントEV
EVENT_X=7
EVENT_Y=11
EVENT_PAGE=1
OPTION_DATA_NUM=0
EVENT_PAGE_NUM=1
EVENT_PAGE=0
EVENT_TILE_ID=-1
GRAPHIC_FILENAME=
EVENT_DIRECTION=2
EVENT_PATTERN=1
EVENT_OPACITY=255
EVENT_BLENDTYPE=0
EVENT_TRIGGER_TYPE=3
EVENT_CONDITION_0_USE=32
EVENT_CONDITION_TARGET_0=1000000
EVENT_CONDITION_VALUE_0=0
EVENT_CONDITION_1_USE=32
EVENT_CONDITION_TARGET_1=1000000
EVENT_CONDITION_VALUE_1=0
EVENT_CONDITION_2_USE=32
EVENT_CONDITION_TARGET_2=1000000
EVENT_CONDITION_VALUE_2=0
EVENT_CONDITION_3_USE=32
EVENT_CONDITION_TARGET_3=1000000
EVENT_CONDITION_VALUE_3=0
ANIME_SPEED=3
MOVE_SPEED=3
MOVE_FREQUENCY=3
MOVE_TYPE=0
CHARA_OPTION_FLAG=35
ROUTE_OPTION_FLAG=2
ROUTE_COMMAND_NUM=0
OPTION_VAL_NUM=3
OPTION_VAL_0=0
OPTION_VAL_1=8
OPTION_VAL_2=6
COMMAND_NUM=4
--
WoditorEvCOMMAND_START
[103][0,1]<0>()("以下の処理が1回呼び出されるたびにランダムエンカウントの判定が行われます（たいていは何も起きません）。")
[103][0,1]<0>()("エンカウントのポイントが一定値までたまった場合だけ戦闘が実行され、ポイントはリセットされます。")
[210][6,0]<0>(500037,4,20,31,-1,-1)()
[0][0,0]<0>()()
WoditorEvCOMMAND_END
--
[COMMAND_TEXT_START]
▼ 以下の処理が1回呼び出されるたびにランダムエンカウントの判定が行われます（たいていは何も起きません）。
▼ エンカウントのポイントが一定値までたまった場合だけ戦闘が実行され、ポイントはリセットされます。
■イベントの挿入： コモン37：[ ◇ランダムエンカウント処理  ] / 20 / 31:ゴブリン1匹 / -1:<なし> / -1:<なし>
■
[COMMAND_TEXT_END]
-----
EVENT_ID=1
EVENT_NAME=市松模様解説犬
EVENT_X=13
EVENT_Y=14
EVENT_PAGE=1
OPTION_DATA_NUM=0
EVENT_PAGE_NUM=1
EVENT_PAGE=0
EVENT_TILE_ID=-1
GRAPHIC_FILENAME=CharaChip/Animal_Dog1_pochi.png
EVENT_DIRECTION=2
EVENT_PATTERN=1
EVENT_OPACITY=255
EVENT_BLENDTYPE=0
EVENT_TRIGGER_TYPE=0
EVENT_CONDITION_0_USE=32
EVENT_CONDITION_TARGET_0=1000000
EVENT_CONDITION_VALUE_0=0
EVENT_CONDITION_1_USE=32
EVENT_CONDITION_TARGET_1=1000000
EVENT_CONDITION_VALUE_1=0
EVENT_CONDITION_2_USE=32
EVENT_CONDITION_TARGET_2=1000000
EVENT_CONDITION_VALUE_2=0
EVENT_CONDITION_3_USE=32
EVENT_CONDITION_TARGET_3=1000000
EVENT_CONDITION_VALUE_3=0
ANIME_SPEED=3
MOVE_SPEED=3
MOVE_FREQUENCY=3
MOVE_TYPE=0
CHARA_OPTION_FLAG=35
ROUTE_OPTION_FLAG=2
ROUTE_COMMAND_NUM=0
OPTION_VAL_NUM=3
OPTION_VAL_0=0
OPTION_VAL_1=0
OPTION_VAL_2=0
COMMAND_NUM=5
--
WoditorEvCOMMAND_START
[101][0,1]<0>()("「この\r[市松,いちまつ]\r[模,も]\r[様,よう]の上を歩くと、<\n>　10マスに一度くらい敵と遭遇するよ！")
[101][0,1]<0>()("「これは、イベントエディタの「接触範囲拡張」を<\n>　うまいこと使ったテクニックなんだ。")
[101][0,1]<0>()("「この市松模様の中では、<\n>　君が一歩あるくごとに1回、エンカウントを<\n>　チェックするイベントが起動するんだ。")
[101][0,1]<0>()("「エンカウントのポイントは、歩くたびに<\n>　どんどん増えていって、最大まで<\n>　たまったときに戦闘が始まるのさ。")
[0][0,0]<0>()()
WoditorEvCOMMAND_END
--
[COMMAND_TEXT_START]
■文章:「この\r[市松,いちまつ]\r[模,も]\r[様,よう]の上を歩くと、\n　10マスに一度くらい敵と遭遇するよ！
■文章:「これは、イベントエディタの「接触範囲拡張」を\n　うまいこと使ったテクニックなんだ。
■文章:「この市松模様の中では、\n　君が一歩あるくごとに1回、エンカウントを\n　チェックするイベントが起動するんだ。
■文章:「エンカウントのポイントは、歩くたびに\n　どんどん増えていって、最大まで\n　たまったときに戦闘が始まるのさ。
■
[COMMAND_TEXT_END]
-----
EVENT_ID=2
EVENT_NAME=Aへの場所移動
EVENT_X=11
EVENT_Y=26
EVENT_PAGE=1
OPTION_DATA_NUM=0
EVENT_PAGE_NUM=1
EVENT_PAGE=0
EVENT_TILE_ID=-1
GRAPHIC_FILENAME=
EVENT_DIRECTION=2
EVENT_PATTERN=1
EVENT_OPACITY=255
EVENT_BLENDTYPE=0
EVENT_TRIGGER_TYPE=3
EVENT_CONDITION_0_USE=32
EVENT_CONDITION_TARGET_0=1000000
EVENT_CONDITION_VALUE_0=0
EVENT_CONDITION_1_USE=32
EVENT_CONDITION_TARGET_1=1000000
EVENT_CONDITION_VALUE_1=0
EVENT_CONDITION_2_USE=32
EVENT_CONDITION_TARGET_2=1000000
EVENT_CONDITION_VALUE_2=0
EVENT_CONDITION_3_USE=32
EVENT_CONDITION_TARGET_3=1000000
EVENT_CONDITION_VALUE_3=0
ANIME_SPEED=3
MOVE_SPEED=3
MOVE_FREQUENCY=3
MOVE_TYPE=0
CHARA_OPTION_FLAG=35
ROUTE_OPTION_FLAG=2
ROUTE_COMMAND_NUM=0
OPTION_VAL_NUM=3
OPTION_VAL_0=0
OPTION_VAL_1=4
OPTION_VAL_2=0
COMMAND_NUM=2
--
WoditorEvCOMMAND_START
[130][6,0]<0>(-1,15,1,1,16,0)()
[0][0,0]<0>()()
WoditorEvCOMMAND_END
--
[COMMAND_TEXT_START]
■場所移動：主人公 ▲マップID1[サンプルマップA] X:15 Y:1  [ﾄﾗﾝｼﾞｼｮﾝ + 暗転なし]
■
[COMMAND_TEXT_END]
-----
EVENT_ID=3
EVENT_NAME=お店
EVENT_X=19
EVENT_Y=13
EVENT_PAGE=1
OPTION_DATA_NUM=0
EVENT_PAGE_NUM=1
EVENT_PAGE=0
EVENT_TILE_ID=-1
GRAPHIC_FILENAME=CharaChip/Chara_Civilian_Female_B.png
EVENT_DIRECTION=2
EVENT_PATTERN=1
EVENT_OPACITY=255
EVENT_BLENDTYPE=0
EVENT_TRIGGER_TYPE=0
EVENT_CONDITION_0_USE=32
EVENT_CONDITION_TARGET_0=1000000
EVENT_CONDITION_VALUE_0=0
EVENT_CONDITION_1_USE=32
EVENT_CONDITION_TARGET_1=1000000
EVENT_CONDITION_VALUE_1=0
EVENT_CONDITION_2_USE=32
EVENT_CONDITION_TARGET_2=1000000
EVENT_CONDITION_VALUE_2=0
EVENT_CONDITION_3_USE=32
EVENT_CONDITION_TARGET_3=1000000
EVENT_CONDITION_VALUE_3=0
ANIME_SPEED=3
MOVE_SPEED=3
MOVE_FREQUENCY=3
MOVE_TYPE=0
CHARA_OPTION_FLAG=35
ROUTE_OPTION_FLAG=2
ROUTE_COMMAND_NUM=0
OPTION_VAL_NUM=3
OPTION_VAL_0=0
OPTION_VAL_1=0
OPTION_VAL_2=0
COMMAND_NUM=9
--
WoditorEvCOMMAND_START
[101][0,1]<0>()("「いらっしゃい！<\n>　搭載されている基本システムでは<\n>　こんな感じで買い物ができますよ。")
[210][2,0]<0>(500033,0)()
[210][6,0]<0>(500034,4,1,14,-1,-1)()
[210][6,0]<0>(500034,4,2,-3,1,-1)()
[210][6,0]<0>(500034,4,3,-3,-1,29)()
[210][6,0]<0>(500034,4,3,-3,-1,30)()
[210][6,0]<0>(500034,4,1,18,-1,-1)()
[210][3,0]<0>(500035,1,3)()
[0][0,0]<0>()()
WoditorEvCOMMAND_END
--
[COMMAND_TEXT_START]
■文章:「いらっしゃい！\n　搭載されている基本システムでは\n　こんな感じで買い物ができますよ。
■イベントの挿入： コモン33：[ 【1】 お店 初期化 ]
■イベントの挿入： コモン34：[ 【2】 お店 商品の追加 ] / 1:ｱｲﾃﾑ[A] / 14:薬ビン / -1:<なし> / -1:<なし>
■イベントの挿入： コモン34：[ 【2】 お店 商品の追加 ] / 2:武器[B] / -3:<なし> / 1:ミニブレイド / -1:<なし>
■イベントの挿入： コモン34：[ 【2】 お店 商品の追加 ] / 3:防具[C] / -3:<なし> / -1:<なし> / 29:マシンガン
■イベントの挿入： コモン34：[ 【2】 お店 商品の追加 ] / 3:防具[C] / -3:<なし> / -1:<なし> / 30:アイテム袋
■イベントの挿入： コモン34：[ 【2】 お店 商品の追加 ] / 1:ｱｲﾃﾑ[A] / 18:マシンガンの弾 / -1:<なし> / -1:<なし>
■イベントの挿入： コモン35：[ 【3】 お店処理 実行 ] / 3:売り・買い 両方
■
[COMMAND_TEXT_END]
-----
EVENT_ID=4
EVENT_NAME=コモン解説
EVENT_X=16
EVENT_Y=17
EVENT_PAGE=1
OPTION_DATA_NUM=0
EVENT_PAGE_NUM=1
EVENT_PAGE=0
EVENT_TILE_ID=-1
GRAPHIC_FILENAME=CharaChip/Chara_Hero3_USM.png
EVENT_DIRECTION=4
EVENT_PATTERN=1
EVENT_OPACITY=255
EVENT_BLENDTYPE=0
EVENT_TRIGGER_TYPE=0
EVENT_CONDITION_0_USE=32
EVENT_CONDITION_TARGET_0=1000000
EVENT_CONDITION_VALUE_0=0
EVENT_CONDITION_1_USE=32
EVENT_CONDITION_TARGET_1=1000000
EVENT_CONDITION_VALUE_1=0
EVENT_CONDITION_2_USE=32
EVENT_CONDITION_TARGET_2=1000000
EVENT_CONDITION_VALUE_2=0
EVENT_CONDITION_3_USE=32
EVENT_CONDITION_TARGET_3=1000000
EVENT_CONDITION_VALUE_3=0
ANIME_SPEED=3
MOVE_SPEED=3
MOVE_FREQUENCY=3
MOVE_TYPE=0
CHARA_OPTION_FLAG=35
ROUTE_OPTION_FLAG=2
ROUTE_COMMAND_NUM=0
OPTION_VAL_NUM=3
OPTION_VAL_0=0
OPTION_VAL_1=0
OPTION_VAL_2=0
COMMAND_NUM=4
--
WoditorEvCOMMAND_START
[101][0,1]<0>()("「コモンイベントって知ってるかな？<\n>　どこのマップでも呼び出せるイベントのことさ。")
[101][0,1]<0>()("「戦闘や買い物、メニューなどの処理は、<\n>　全部「コモンイベント」で作られているんだ。")
[101][0,1]<0>()("「他にも、「アイテム増減」や「回復」の処理も<\n>　コモンイベントに入っているから、<\n>　使うときはそこから呼び出すんだよ。")
[0][0,0]<0>()()
WoditorEvCOMMAND_END
--
[COMMAND_TEXT_START]
■文章:「コモンイベントって知ってるかな？\n　どこのマップでも呼び出せるイベントのことさ。
■文章:「戦闘や買い物、メニューなどの処理は、\n　全部「コモンイベント」で作られているんだ。
■文章:「他にも、「アイテム増減」や「回復」の処理も\n　コモンイベントに入っているから、\n　使うときはそこから呼び出すんだよ。
■
[COMMAND_TEXT_END]
-----
EVENT_ID=5
EVENT_NAME=回復所
EVENT_X=21
EVENT_Y=13
EVENT_PAGE=1
OPTION_DATA_NUM=0
EVENT_PAGE_NUM=1
EVENT_PAGE=0
EVENT_TILE_ID=-1
GRAPHIC_FILENAME=CharaChip/Chara_Priest2_USM.png
EVENT_DIRECTION=2
EVENT_PATTERN=1
EVENT_OPACITY=255
EVENT_BLENDTYPE=0
EVENT_TRIGGER_TYPE=0
EVENT_CONDITION_0_USE=32
EVENT_CONDITION_TARGET_0=1000000
EVENT_CONDITION_VALUE_0=0
EVENT_CONDITION_1_USE=32
EVENT_CONDITION_TARGET_1=1000000
EVENT_CONDITION_VALUE_1=0
EVENT_CONDITION_2_USE=32
EVENT_CONDITION_TARGET_2=1000000
EVENT_CONDITION_VALUE_2=0
EVENT_CONDITION_3_USE=32
EVENT_CONDITION_TARGET_3=1000000
EVENT_CONDITION_VALUE_3=0
ANIME_SPEED=3
MOVE_SPEED=3
MOVE_FREQUENCY=3
MOVE_TYPE=0
CHARA_OPTION_FLAG=35
ROUTE_OPTION_FLAG=2
ROUTE_COMMAND_NUM=0
OPTION_VAL_NUM=3
OPTION_VAL_0=0
OPTION_VAL_1=0
OPTION_VAL_2=0
COMMAND_NUM=12
--
WoditorEvCOMMAND_START
[101][0,1]<0>()("「こんにちは……回復なさいますか？")
[102][1,2]<0>(50)("完全回復する","何もしない")
[401][1,0]<0>(2)()
[101][0,1]<1>()("「では、完全回復です……<\n>　ピロリロリロ～……。")
[151][2,0]<1>(26658966,20)()
[210][5,0]<1>(500004,3,7,-1,15)()
[140][6,1]<1>(33554464,0,0,0,100,100)("SE/Effect_Healing1_panop.ogg")
[0][0,0]<1>()()
[401][1,0]<0>(3)()
[0][0,0]<1>()()
[499][0,0]<0>()()
[0][0,0]<0>()()
WoditorEvCOMMAND_END
--
[COMMAND_TEXT_START]
■文章:「こんにちは……回復なさいますか？
■文章選択肢:/ 【1】完全回復する / 【2】何もしない 
-◇選択肢：【1】 完全回復する                                   の場合↓
 |■文章:「では、完全回復です……\n　ピロリロリロ～……。
 |■色調変更：(フラッシュ) R150 G200 B150 / 20ﾌﾚｰﾑ
 |■イベントの挿入： コモン4：[ ○回復・ダメージ処理 ] / 7:完全回復 / -1:パーティ全員 / 15
 |■サウンド：SE ﾌｧｲﾙ[SE/Effect_Healing1_panop.ogg] 音 100％ 周 100％ (0 ﾁｬﾝﾈﾙ) 再生 / 遅延：0ﾌﾚｰﾑ
 |■
-◇選択肢：【2】 何もしない                                    の場合↓
 |■
◇分岐終了◇
■
[COMMAND_TEXT_END]
